        10.5          0.5          1.5
           1            1            1
    -2.41071     -1.71429      19.9821
     2.91071     0.714286     -12.4821
          12          0.5           10
     4.91071    -0.285714      3.51786
     6.32143     0.428571     -17.4643
    -8.23214    -0.142857      9.44643
          15          0.5          5.5
    -7.14286     0.142857     -3.07143
     -18.375 -1.94289e-16       10.875
     11.5179    -0.142857     -7.30357
           1          0.5            6
    -9.33929    -0.285714     -3.23214
     16.1786    -0.428571     -11.0357
    -7.33929     0.714286      8.76786
